0 0.853906 0.797917 0.110937 0.170833 
0 0.705469 0.578472 0.0875 0.2125 
0 0.684375 0.550694 0.0796875 0.229167 
0 0.852734 0.804167 0.105469 0.161111 
0 0.701953 0.580556 0.0804688 0.219444 
0 0.851562 0.799306 0.104687 0.195833 
0 0.703906 0.585417 0.0796875 0.226389 
0 0.852344 0.802083 0.104687 0.165278 
0 0.701953 0.584722 0.0757812 0.225 
0 0.854297 0.802778 0.110156 0.161111 
0 0.7 0.575694 0.0734375 0.2125 
0 0.853125 0.800694 0.109375 0.181944 
0 0.699219 0.563194 0.071875 0.181944 
0 0.853125 0.800694 0.109375 0.181944 
0 0.699219 0.563194 0.071875 0.181944 
0 0.853125 0.800694 0.109375 0.181944 
0 0.699219 0.563194 0.071875 0.181944 
0 0.853125 0.800694 0.109375 0.181944 
0 0.699219 0.563194 0.071875 0.181944 
0 0.853125 0.800694 0.109375 0.181944 
0 0.699219 0.563194 0.071875 0.181944 
0 0.853125 0.800694 0.109375 0.181944 
0 0.699219 0.563194 0.071875 0.181944 
0 0.853125 0.800694 0.109375 0.181944 
0 0.699219 0.563194 0.071875 0.181944 
0 0.853125 0.800694 0.109375 0.181944 
0 0.699219 0.563194 0.071875 0.181944 
0 0.853125 0.800694 0.109375 0.181944 
0 0.699219 0.563194 0.071875 0.181944 
0 0.853125 0.800694 0.109375 0.181944 
0 0.699219 0.563194 0.071875 0.181944 
0 0.853125 0.800694 0.109375 0.181944 
0 0.699219 0.563194 0.071875 0.181944 
0 0.853125 0.800694 0.109375 0.181944 
0 0.699219 0.563194 0.071875 0.181944 
0 0.853125 0.800694 0.109375 0.181944 
0 0.699219 0.563194 0.071875 0.181944 
0 0.853125 0.800694 0.109375 0.181944 
0 0.699219 0.563194 0.071875 0.181944 
0 0.853125 0.800694 0.109375 0.181944 
0 0.699219 0.563194 0.071875 0.181944 
0 0.853125 0.800694 0.109375 0.181944 
0 0.699219 0.563194 0.071875 0.181944 
